#VisAO H-alfa, April 2014 and later
#Digitized by Ya-lin Wu
#Filter by Custom Scientific, Log 276001
#    lamda(microns)   trans(normalized)
     0.647640  0.000867867
     0.647670  0.000775925
     0.647700  0.000932072
     0.647730   0.00108822
     0.647760   0.00124437
     0.647790   0.00140051
     0.647820   0.00155666
     0.647850   0.00171281
     0.647880   0.00186095
     0.647910   0.00170487
     0.647940   0.00154878
     0.647970   0.00139269
     0.648000   0.00123661
     0.648030   0.00108053
     0.648060  0.000924441
     0.648090  0.000737206
     0.648120  0.000537898
     0.648150  0.000338591
     0.648180  0.000139285
     0.648210  0.000239645
     0.648240  0.000465636
     0.648270  0.000691627
     0.648300  0.000917618
     0.648330   0.00114361
     0.648360   0.00136960
     0.648390   0.00159559
     0.648420   0.00182158
     0.648450   0.00189510
     0.648480   0.00190787
     0.648510   0.00192065
     0.648540   0.00193342
     0.648570   0.00194619
     0.648600   0.00195896
     0.648630   0.00197174
     0.648660   0.00198452
     0.648690   0.00199729
     0.648720   0.00201008
     0.648750   0.00202285
     0.648780   0.00195522
     0.648810   0.00167130
     0.648840   0.00138737
     0.648870   0.00110344
     0.648900  0.000819520
     0.648930  0.000535597
     0.648960  0.000525945
     0.648990  0.000759878
     0.649020  0.000993811
     0.649050   0.00122775
     0.649080   0.00146168
     0.649110   0.00155948
     0.649140   0.00144841
     0.649170   0.00133732
     0.649200   0.00122624
     0.649230   0.00111515
     0.649260   0.00100406
     0.649290  0.000892978
     0.649320  0.000989274
     0.649350   0.00127860
     0.649380   0.00156793
     0.649410   0.00185726
     0.649440   0.00214659
     0.649470   0.00243592
     0.649500   0.00272525
     0.649530   0.00301923
     0.649560   0.00331547
     0.649590   0.00361171
     0.649620   0.00390795
     0.649650   0.00420419
     0.649680   0.00450044
     0.649710   0.00479667
     0.649740   0.00527605
     0.649770   0.00579301
     0.649800   0.00630996
     0.649830   0.00682690
     0.649860   0.00734386
     0.649890   0.00786081
     0.649920   0.00837725
     0.649950   0.00863403
     0.649980   0.00889079
     0.650010   0.00914757
     0.650040   0.00940434
     0.650070   0.00966112
     0.650100   0.00991789
     0.650130    0.0101747
     0.650160    0.0106800
     0.650190    0.0113621
     0.650220    0.0120443
     0.650250    0.0127265
     0.650280    0.0134086
     0.650310    0.0140908
     0.650340    0.0147192
     0.650370    0.0151594
     0.650400    0.0155997
     0.650430    0.0160400
     0.650460    0.0164802
     0.650490    0.0169204
     0.650520    0.0173606
     0.650550    0.0183437
     0.650580    0.0194256
     0.650610    0.0205075
     0.650640    0.0215893
     0.650670    0.0226712
     0.650700    0.0237531
     0.650730    0.0248349
     0.650760    0.0260592
     0.650790    0.0273116
     0.650820    0.0285640
     0.650850    0.0298164
     0.650880    0.0310688
     0.650910    0.0323212
     0.650940    0.0337936
     0.650970    0.0354741
     0.651000    0.0371547
     0.651030    0.0388352
     0.651060    0.0405348
     0.651090    0.0431754
     0.651120    0.0458161
     0.651150    0.0484569
     0.651180    0.0510975
     0.651210    0.0538314
     0.651240    0.0567360
     0.651270    0.0596406
     0.651300    0.0625452
     0.651330    0.0658153
     0.651360    0.0693471
     0.651390    0.0728789
     0.651420    0.0764107
     0.651450    0.0809588
     0.651480    0.0857016
     0.651510    0.0906344
     0.651540    0.0969208
     0.651570     0.103207
     0.651600     0.105499
     0.651630     0.107728
     0.651660     0.109958
     0.651690     0.120246
     0.651720     0.127543
     0.651750     0.134840
     0.651780     0.149964
     0.651810     0.152310
     0.651840     0.154657
     0.651870     0.156762
     0.651900     0.171959
     0.651930     0.191994
     0.651960     0.210196
     0.651990     0.220780
     0.652020     0.222381
     0.652050     0.234787
     0.652080     0.244269
     0.652110     0.255036
     0.652140     0.261623
     0.652170     0.283796
     0.652200     0.296771
     0.652230     0.309849
     0.652260     0.319494
     0.652290     0.333092
     0.652320     0.354089
     0.652350     0.359436
     0.652380     0.374944
     0.652410     0.394858
     0.652440     0.408458
     0.652470     0.424582
     0.652500     0.433242
     0.652530     0.449783
     0.652560     0.469855
     0.652590     0.492263
     0.652620     0.512493
     0.652650     0.518147
     0.652680     0.536005
     0.652710     0.557560
     0.652740     0.572617
     0.652770     0.590529
     0.652800     0.608501
     0.652830     0.624829
     0.652860     0.650018
     0.652890     0.675944
     0.652920     0.684399
     0.652950     0.694840
     0.652980     0.706237
     0.653010     0.720810
     0.653040     0.748886
     0.653070     0.761614
     0.653100     0.779304
     0.653130     0.802055
     0.653160     0.794726
     0.653190     0.811245
     0.653220     0.837623
     0.653250     0.838765
     0.653280     0.856464
     0.653310     0.866972
     0.653340     0.880756
     0.653370     0.890234
     0.653400     0.901493
     0.653430     0.914758
     0.653460     0.922825
     0.653490     0.927076
     0.653520     0.931327
     0.653550     0.936221
     0.653580     0.942449
     0.653610     0.948575
     0.653640     0.954260
     0.653670     0.959831
     0.653700     0.962048
     0.653730     0.964265
     0.653760     0.966481
     0.653790     0.968698
     0.653820     0.971939
     0.653850     0.975367
     0.653880     0.978795
     0.653910     0.981625
     0.653940     0.982775
     0.653970     0.983925
     0.654000     0.985075
     0.654030     0.986226
     0.654060     0.987375
     0.654090     0.988490
     0.654120     0.988898
     0.654150     0.989305
     0.654180     0.989713
     0.654210     0.990120
     0.654240     0.990527
     0.654270     0.990934
     0.654300     0.991267
     0.654330     0.991322
     0.654360     0.991376
     0.654390     0.991430
     0.654420     0.991484
     0.654450     0.991538
     0.654480     0.991592
     0.654510     0.991675
     0.654540     0.991812
     0.654570     0.991949
     0.654600     0.992086
     0.654630     0.992223
     0.654660     0.992360
     0.654690     0.992497
     0.654720     0.992634
     0.654750     0.992771
     0.654780     0.992908
     0.654810     0.993045
     0.654840     0.993182
     0.654870     0.993319
     0.654900     0.993456
     0.654930     0.993633
     0.654960     0.993832
     0.654990     0.994031
     0.655020     0.994230
     0.655050     0.994430
     0.655080     0.994629
     0.655110     0.994828
     0.655140     0.995093
     0.655170     0.995375
     0.655200     0.995657
     0.655230     0.995939
     0.655260     0.996222
     0.655290     0.996505
     0.655320     0.996787
     0.655350     0.996991
     0.655380     0.997190
     0.655410     0.997390
     0.655440     0.997589
     0.655470     0.997788
     0.655500     0.997988
     0.655530     0.998176
     0.655560     0.998250
     0.655590     0.998325
     0.655620     0.998401
     0.655650     0.998475
     0.655680     0.998550
     0.655710     0.998624
     0.655740     0.998727
     0.655770     0.998919
     0.655800     0.999111
     0.655830     0.999303
     0.655860     0.999496
     0.655890     0.999688
     0.655920     0.999880
     0.655950      1.00000
     0.655980     0.999999
     0.656010     0.999998
     0.656040     0.999997
     0.656070     0.999996
     0.656100     0.999995
     0.656130     0.999994
     0.656160     0.999979
     0.656190     0.999951
     0.656220     0.999922
     0.656250     0.999894
     0.656280     0.999865
     0.656310     0.999837
     0.656340     0.999808
     0.656370     0.999714
     0.656400     0.999582
     0.656430     0.999450
     0.656460     0.999318
     0.656490     0.999186
     0.656520     0.999055
     0.656550     0.998923
     0.656580     0.998760
     0.656610     0.998586
     0.656640     0.998414
     0.656670     0.998241
     0.656700     0.998068
     0.656730     0.997896
     0.656760     0.997723
     0.656790     0.997404
     0.656820     0.997067
     0.656850     0.996729
     0.656880     0.996391
     0.656910     0.996054
     0.656940     0.995717
     0.656970     0.995083
     0.657000     0.994218
     0.657030     0.993354
     0.657060     0.992490
     0.657090     0.991626
     0.657120     0.990761
     0.657150     0.989898
     0.657180     0.989004
     0.657210     0.987565
     0.657240     0.986126
     0.657270     0.984687
     0.657300     0.983247
     0.657330     0.981808
     0.657360     0.980140
     0.657390     0.977721
     0.657420     0.975303
     0.657450     0.972883
     0.657480     0.970421
     0.657510     0.967632
     0.657540     0.964842
     0.657570     0.962052
     0.657600     0.958536
     0.657630     0.954476
     0.657660     0.950414
     0.657690     0.946434
     0.657720     0.942512
     0.657750     0.938591
     0.657780     0.934541
     0.657810     0.929925
     0.657840     0.917200
     0.657870     0.905522
     0.657900     0.899145
     0.657930     0.893282
     0.657960     0.887841
     0.657990     0.881998
     0.658020     0.875781
     0.658050     0.868353
     0.658080     0.859549
     0.658110     0.848266
     0.658140     0.838667
     0.658170     0.828993
     0.658200     0.818887
     0.658230     0.808253
     0.658260     0.806171
     0.658290     0.798058
     0.658320     0.775978
     0.658350     0.768025
     0.658380     0.751968
     0.658410     0.751289
     0.658440     0.734462
     0.658470     0.725728
     0.658500     0.709580
     0.658530     0.712692
     0.658560     0.683226
     0.658590     0.664683
     0.658620     0.647968
     0.658650     0.627493
     0.658680     0.627815
     0.658710     0.614637
     0.658740     0.593709
     0.658770     0.586906
     0.658800     0.565433
     0.658830     0.541677
     0.658860     0.536911
     0.658890     0.517745
     0.658920     0.497813
     0.658950     0.489708
     0.658980     0.474242
     0.659010     0.453493
     0.659040     0.438213
     0.659070     0.441183
     0.659100     0.419039
     0.659130     0.402709
     0.659160     0.382145
     0.659190     0.387404
     0.659220     0.372532
     0.659250     0.351960
     0.659280     0.333579
     0.659310     0.320257
     0.659340     0.312927
     0.659370     0.296259
     0.659400     0.284405
     0.659430     0.276300
     0.659460     0.269658
     0.659490     0.249753
     0.659520     0.238995
     0.659550     0.221818
     0.659580     0.217938
     0.659610     0.214060
     0.659640     0.210180
     0.659670     0.193371
     0.659700     0.179109
     0.659730     0.169013
     0.659760     0.163836
     0.659790     0.160504
     0.659820     0.155936
     0.659850     0.144399
     0.659880     0.138174
     0.659910     0.130909
     0.659940     0.122719
     0.659970     0.113982
     0.660000     0.105184
     0.660030     0.100971
     0.660060    0.0985542
     0.660090    0.0961371
     0.660120    0.0937201
     0.660150    0.0905015
     0.660180    0.0854802
     0.660210    0.0804589
     0.660240    0.0765935
     0.660270    0.0728819
     0.660300    0.0691702
     0.660330    0.0657440
     0.660360    0.0629841
     0.660390    0.0602240
     0.660420    0.0574641
     0.660450    0.0547501
     0.660480    0.0522678
     0.660510    0.0497854
     0.660540    0.0473030
     0.660570    0.0448206
     0.660600    0.0426342
     0.660630    0.0407979
     0.660660    0.0389618
     0.660690    0.0371257
     0.660720    0.0352896
     0.660750    0.0335777
     0.660780    0.0323670
     0.660810    0.0311564
     0.660840    0.0299456
     0.660870    0.0287350
     0.660900    0.0275243
     0.660930    0.0263137
     0.660960    0.0251030
     0.660990    0.0241442
     0.661020    0.0233172
     0.661050    0.0224900
     0.661080    0.0216629
     0.661110    0.0208358
     0.661140    0.0200087
     0.661170    0.0191814
     0.661200    0.0185173
     0.661230    0.0179142
     0.661260    0.0173111
     0.661290    0.0167081
     0.661320    0.0161051
     0.661350    0.0155020
     0.661380    0.0148990
     0.661410    0.0144118
     0.661440    0.0139515
     0.661470    0.0134911
     0.661500    0.0130308
     0.661530    0.0125705
     0.661560    0.0121101
     0.661590    0.0116497
     0.661620    0.0113015
     0.661650    0.0109642
     0.661680    0.0106268
     0.661710    0.0102896
     0.661740   0.00995221
     0.661770   0.00961487
     0.661800   0.00927202
     0.661830   0.00862811
     0.661860   0.00798413
     0.661890   0.00734023
     0.661920   0.00669632
     0.661950   0.00605241
     0.661980   0.00540850
     0.662010   0.00479614
     0.662040   0.00446567
     0.662070   0.00413523
     0.662100   0.00380475
     0.662130   0.00347428
     0.662160   0.00314381
     0.662190   0.00281337
     0.662220   0.00255782
     0.662250   0.00258783
     0.662280   0.00261784
     0.662310   0.00264784
     0.662340   0.00267785
     0.662370   0.00270786
     0.662400   0.00273788
     0.662430   0.00266171
     0.662460   0.00238254
     0.662490   0.00210340
     0.662520   0.00182426
     0.662550   0.00154509
     0.662580   0.00126595
     0.662610  0.000986813
     0.662640  0.000830963
     0.662670  0.000823067
     0.662700  0.000815172
     0.662730  0.000807276
     0.662760  0.000799381
     0.662790  0.000791484
     0.662820  0.000783589
     0.662850  0.000934136
     0.662880   0.00119566
     0.662910   0.00145719
     0.662940   0.00171871
     0.662970   0.00198023
     0.663000   0.00224176
     0.663030   0.00250328
     0.663060   0.00235199
     0.663090   0.00205568
     0.663120   0.00175934
     0.663150   0.00146303
     0.663180   0.00116672
     0.663210  0.000870385
     0.663240  0.000574076
     0.663270  0.000681854
     0.663300  0.000860291
     0.663330   0.00103873
     0.663360   0.00121718
     0.663390   0.00139562
     0.663420   0.00145644
     0.663450   0.00146923
     0.663480   0.00148200
     0.663510   0.00149478
     0.663540   0.00150756
     0.663570   0.00152034
     0.663600   0.00153312
     0.663630   0.00154589
     0.663660   0.00155867
     0.663690   0.00157144
     0.663720   0.00158422
     0.663750   0.00159700
     0.663780   0.00160977
     0.663810   0.00162254
     0.663840   0.00163531
     0.663870   0.00164809
     0.663900   0.00166086
     0.663930   0.00167364
     0.663960   0.00178630
     0.663990   0.00204792
     0.664020   0.00230950
     0.664050   0.00257110
     0.664080   0.00283271
     0.664110   0.00309432
     0.664140   0.00335589
     0.664170   0.00320530
     0.664200   0.00272468
     0.664230   0.00224406
     0.664260   0.00176344
     0.664290   0.00128287
     0.664320  0.000802253
     0.664350  0.000321632
     0.664380  0.000161815
     0.664410  0.000174590
     0.664440  0.000187366
     0.664470  0.000200141
     0.664500  0.000212917
     0.664530  0.000225691
     0.664560  0.000238466
     0.664590  0.000251244
     0.664620  0.000264023
     0.664650  0.000276801
     0.664680  0.000289580
     0.664710  0.000302360
     0.664740  0.000315138
     0.664770  0.000327917
     0.664800  0.000288412
     0.664830  0.000244321
     0.664860  0.000200227
     0.664890  0.000156137
     0.664920  0.000112047
     0.664950  6.79519e-05
     0.664980  2.38619e-05
     0.665010      0.00000
     0.665040      0.00000
     